1 1624416314.899505 0.243139 -0.362808 0.020429 0.999669 -0.009638 -0.008297 -0.022353
2 1624416315.099494 0.243315 -0.362103 0.054364 0.998865 -0.009197 -0.007893 -0.046063
3 1624416315.299481 0.243130 -0.362451 0.043315 0.998475 -0.008683 -0.007351 -0.054013
4 1624416315.499469 0.109129 -0.189033 0.035828 0.998332 -0.008490 -0.007377 -0.056626
5 1624416315.699456 0.227098 -0.436993 0.062259 0.997815 -0.008245 -0.007024 -0.065176
6 1624416315.899443 -0.195389 0.128213 0.035081 0.997007 -0.008611 -0.007767 -0.076430
7 1624416316.099433 -0.242899 0.077188 0.031816 0.994581 -0.008394 -0.007908 -0.103321
8 1624416316.299420 -0.505385 0.365878 0.033901 0.994820 -0.008648 -0.007924 -0.100977
9 1624416316.499408 -0.691208 0.492619 0.044864 0.993511 -0.008658 -0.007883 -0.113132
10 1624416316.699395 -0.938109 0.712384 0.065402 0.992896 -0.008495 -0.007307 -0.118456
11 1624416316.899382 -1.188355 0.907256 0.088911 0.993258 -0.007228 -0.005612 -0.115561
12 1624416317.099371 -1.254991 0.705999 0.102055 0.992790 -0.007484 -0.005435 -0.119507
13 1624416317.299358 -1.660834 1.122867 0.073851 0.994741 -0.008690 -0.006399 -0.101855
14 1624416317.499346 -1.934687 1.240308 0.062826 0.996308 -0.009192 -0.006811 -0.085089
15 1624416317.699334 -2.281745 1.442590 0.079620 0.996900 -0.008691 -0.006481 -0.077928
16 1624416317.899320 -2.650895 1.642229 0.089736 0.996939 -0.008586 -0.005944 -0.077486
17 1624416318.099310 -3.051175 1.857532 0.091331 0.998366 -0.008330 -0.005353 -0.056287
18 1624416318.299296 -3.490619 2.066425 0.133011 0.998096 -0.008358 -0.004224 -0.060968
19 1624416318.499285 -3.593073 1.812969 0.122127 0.998689 -0.008707 -0.004221 -0.050258
20 1624416318.699272 -4.197598 2.164769 0.096834 0.998886 -0.008500 -0.004538 -0.046187
21 1624416318.899260 -4.623231 2.326724 0.091971 0.999282 -0.008871 -0.004362 -0.036580
22 1624416319.099249 -5.163921 2.529893 0.079367 0.999259 -0.008547 -0.003706 -0.037348
23 1624416319.299235 -5.701583 2.736211 0.093424 0.999214 -0.008429 -0.002473 -0.038657
24 1624416319.499224 -6.197709 2.752691 0.069502 0.999621 -0.008523 -0.001574 -0.026126
25 1624416319.699211 -6.816133 2.957254 0.002287 0.999766 -0.008535 -0.000997 -0.019868
26 1624416319.899199 -6.731165 2.611488 -0.022107 0.999901 -0.008890 -0.001785 -0.010742
27 1624416320.099187 -6.786232 2.172324 -0.010069 0.999917 -0.009269 -0.001156 0.008848
28 1624416320.299175 -5.177222 1.462783 0.026254 0.999467 -0.008522 -0.002091 0.031431
29 1624416320.500495 -4.604151 1.412725 0.061303 0.999301 -0.008851 -0.001522 0.036291
30 1624416320.700482 -4.059478 1.598019 0.051438 0.999215 -0.008255 -0.001706 0.038698
31 1624416320.899137 -0.443995 0.980940 0.078630 0.999105 -0.010543 0.011048 0.039454
32 1624416321.099125 -0.004427 1.098923 0.085519 0.998996 -0.010656 0.010871 0.042128
33 1624416321.300447 0.622545 1.215411 0.088132 0.998715 -0.010130 0.010981 0.048421
34 1624416321.500434 5.374129 1.032243 0.024961 0.998223 -0.011188 0.010407 0.057599
35 1624416321.700421 5.932359 1.168498 0.001859 0.997882 -0.010895 0.008798 0.063519
36 1624416321.900409 6.497555 1.275323 0.074130 0.997274 -0.010292 0.009455 0.072449
37 1624416322.100397 10.351202 1.407898 0.126510 0.996969 -0.009116 0.007069 0.076945
38 1624416322.300385 10.841491 1.631094 0.076489 0.996163 -0.009327 0.006515 0.086774
39 1624416322.500373 11.548867 1.827564 -0.003173 0.995011 -0.008243 0.003924 0.099344
40 1624416322.700359 12.047922 2.049266 -0.014565 0.994009 -0.007379 0.002991 0.109011
41 1624416322.900348 12.581421 2.284022 0.018374 0.992921 -0.007293 0.003529 0.118503
42 1624416323.100335 13.072371 2.469001 0.076298 0.991519 -0.007736 0.004968 0.129634
43 1624416323.300324 13.610001 2.765572 0.087850 0.990113 -0.007857 0.005661 0.139936
44 1624416323.500311 14.095452 3.057327 0.051673 0.988504 -0.008022 0.005208 0.150889
45 1624416323.700299 14.631307 3.390617 0.012298 0.986657 -0.007136 0.004267 0.162602
46 1624416323.900286 15.126751 3.670901 0.006660 0.984919 -0.006683 0.003276 0.172857
47 1624416324.100275 15.648752 3.939461 0.071178 0.982625 -0.007234 0.003759 0.185423
48 1624416324.300262 16.112373 4.192821 0.122223 0.980179 -0.007873 0.004117 0.197916
49 1624416324.500249 16.553967 4.556193 0.092171 0.977459 -0.007303 0.001954 0.210989
50 1624416324.700237 16.931416 4.887308 0.157505 0.974377 -0.007311 0.001486 0.224796
51 1624416324.900225 17.357370 5.294028 0.245155 0.971095 -0.006258 -0.001505 0.238605
52 1624416325.100211 17.729589 5.669550 0.267382 0.967178 -0.005516 -0.002497 0.254026
53 1624416325.300200 18.131298 6.145726 0.098008 0.963287 0.009225 -0.014078 0.267945
54 1624416325.500187 18.423529 6.544863 0.147506 0.958535 0.009187 -0.014348 0.284465
55 1624416325.700174 18.734499 6.970512 0.178183 0.953718 0.009145 -0.014960 0.300189
56 1624416325.900162 19.010826 7.382789 0.211139 0.947895 0.008828 -0.015292 0.318093
57 1624416326.100149 19.262461 7.827843 0.236691 0.941888 0.009025 -0.015310 0.335457
58 1624416326.300137 19.466253 8.269279 0.257939 0.935305 0.008687 -0.015162 0.353411
59 1624416326.500125 19.667902 8.717439 0.281432 0.927599 0.008367 -0.015502 0.373161
60 1624416326.700111 19.817030 9.183157 0.287537 0.919681 0.008218 -0.015386 0.392279
61 1624416326.900100 19.925884 9.646358 0.313078 0.910390 0.008173 -0.015280 0.413389
62 1624416327.100091 20.004238 10.135139 0.361466 0.900673 0.008531 -0.013716 0.434197
63 1624416327.300078 20.083059 10.643590 0.378251 0.888624 0.008613 -0.013205 0.458365
64 1624416327.500066 20.090494 11.128561 0.380398 0.876241 0.007873 -0.012660 0.481643
65 1624416327.700053 20.071047 11.644846 0.371706 0.862001 0.007088 -0.012416 0.506705
66 1624416327.900040 19.968369 12.177124 0.340825 0.846746 0.006032 -0.011991 0.531827
67 1624416328.100029 19.840446 12.689215 0.325765 0.829667 0.005460 -0.011016 0.558123
68 1624416328.300017 19.708553 13.190396 0.346765 0.812582 0.004712 -0.009693 0.582748
69 1624416328.500003 19.504604 13.627627 0.327061 0.793805 0.003422 -0.000281 0.608162
70 1624416328.699992 19.266991 14.123638 0.321126 0.775718 0.004750 0.000869 0.631062
71 1624416328.899979 19.054039 14.586353 0.316418 0.755265 0.005265 0.001022 0.655397
72 1624416329.099968 18.777210 15.051357 0.303600 0.734719 0.003818 0.000116 0.678361
73 1624416329.299955 18.451696 15.517906 0.275300 0.713400 0.003277 -0.000225 0.700749
74 1624416329.499943 18.152727 15.929889 0.265519 0.692449 0.002447 0.000386 0.721462
75 1624416329.699930 17.825336 16.375685 0.249529 0.671278 0.002914 0.001303 0.741199
76 1624416329.899917 17.488993 16.824709 0.249972 0.649985 0.003051 0.002676 0.759936
77 1624416330.099907 17.132771 17.217579 0.249183 0.627951 0.003227 0.003123 0.778240
78 1624416330.299893 16.724499 17.610146 0.237079 0.604895 0.003087 0.002190 0.796296
79 1624416330.499882 16.294880 17.951385 0.237957 0.581373 0.002554 0.001764 0.813631
80 1624416330.699869 15.837987 18.267702 0.211334 0.557253 0.002000 0.002520 0.830336
81 1624416330.899857 15.374212 18.588247 0.217255 0.532521 0.001762 0.002521 0.846411
82 1624416331.099845 14.880481 18.871180 0.197887 0.507399 0.001439 0.002861 0.861705
83 1624416331.299832 14.383348 19.112713 0.191509 0.482664 0.001532 0.002877 0.875799
84 1624416331.499820 13.852138 19.331644 0.184422 0.457740 0.001113 0.003196 0.889080
85 1624416331.699808 13.345298 19.541292 0.181877 0.432589 0.000950 0.003498 0.901584
86 1624416331.899794 12.810114 19.727659 0.170890 0.406828 0.001164 0.003445 0.913498
87 1624416332.099784 12.266891 19.864742 0.173799 0.380886 0.000791 0.003835 0.924614
88 1624416332.299770 11.733813 19.952843 0.176665 0.354180 0.000739 0.004061 0.935168
89 1624416332.499759 11.167158 20.036087 0.182305 0.326333 0.000781 0.003933 0.945246
90 1624416332.699746 10.617383 20.054810 0.168729 0.297110 0.000677 0.004156 0.954834
91 1624416332.899734 10.055055 20.079628 0.167808 0.266943 0.000422 0.004169 0.963703
92 1624416333.099722 9.490998 19.998852 0.159016 0.236256 -0.000541 0.005068 0.971677
93 1624416333.299710 8.965779 19.900162 0.160934 0.205776 -0.000463 0.005270 0.978585
94 1624416333.499697 8.437631 19.737680 0.133010 0.174463 0.000869 0.003923 0.984656
95 1624416333.699684 7.839894 19.549734 0.071427 0.143850 0.000150 0.003735 0.989592
96 1624416333.899672 7.314292 19.303455 0.052280 0.112233 -0.001167 0.002767 0.993677
97 1624416334.099660 6.806440 19.033369 0.028125 0.079708 -0.000968 0.002121 0.996816
98 1624416334.299649 6.292353 18.770182 0.019347 0.047263 -0.001910 0.003112 0.998876
99 1624416334.499636 5.784411 18.495872 -0.017406 0.014208 -0.002275 0.004072 0.999888
100 1624416334.699623 5.413621 18.184967 -0.033989 0.018203 0.010515 -0.002529 -0.999776
101 1624416334.899611 4.981105 17.805662 -0.041175 0.050679 0.011312 -0.001215 -0.998650
102 1624416335.099599 4.543527 17.377415 -0.037191 0.082897 0.012971 0.001334 -0.996473
103 1624416335.299587 4.111215 16.962729 -0.055981 0.116629 0.012963 0.000774 -0.993091
104 1624416335.499575 3.725585 16.485073 -0.079076 0.149933 0.013052 0.000040 -0.988610
105 1624416335.699561 3.352406 15.984843 -0.110798 0.183121 0.012954 -0.000024 -0.983005
106 1624416335.899550 2.998543 15.442719 -0.120611 0.215842 0.014030 0.001129 -0.976327
107 1624416336.099537 2.675139 14.925061 -0.078147 0.245828 0.015438 -0.000922 -0.969190
108 1624416336.299526 2.378719 14.399095 -0.063707 0.276691 0.011651 -0.005399 -0.960873
109 1624416336.499513 2.141525 13.847912 -0.066663 0.304868 0.008450 -0.005940 -0.952339
110 1624416336.699501 1.873329 13.266485 -0.083344 0.331061 0.008163 -0.005291 -0.943559
111 1624416336.899488 1.643630 12.693430 -0.091057 0.356348 0.007410 -0.005362 -0.934309
112 1624416337.099476 1.394278 12.108795 0.008042 0.380712 0.001495 -0.004882 -0.924680
113 1624416337.299464 1.193798 11.536207 0.003007 0.404020 0.001297 -0.006700 -0.914725
114 1624416337.499452 1.000171 10.965792 0.005027 0.425713 0.001168 -0.008354 -0.904819
115 1624416337.699438 0.821817 10.371666 -0.008012 0.447254 0.001921 -0.008928 -0.894360
116 1624416337.899427 0.683973 9.765515 -0.009531 0.466621 0.001806 -0.008390 -0.884416
117 1624416338.099416 0.585626 9.191292 -0.004170 0.484828 0.001330 -0.008228 -0.874570
118 1624416338.299403 0.458142 8.580276 -0.001500 0.502561 0.001487 -0.008436 -0.864499
119 1624416338.499390 0.369827 7.974047 0.021306 0.519383 0.001304 -0.009104 -0.854492
120 1624416338.700711 0.269703 7.385658 0.032904 0.535421 0.000577 -0.010122 -0.844524
121 1624416338.899366 0.203738 6.799488 0.042193 0.550756 0.000702 -0.010887 -0.834595
122 1624416339.099354 0.176237 6.200510 0.044584 0.565261 0.000211 -0.010737 -0.824842
123 1624416339.299342 0.144991 5.609132 0.069059 0.579063 -0.000745 -0.011400 -0.815203
124 1624416339.500661 0.119321 4.989547 0.067340 0.592256 -0.001121 -0.011647 -0.805665
125 1624416339.700650 0.101782 4.405336 0.078787 0.604052 -0.002026 -0.011704 -0.796856
126 1624416339.899304 0.089230 3.798906 0.090159 0.615496 -0.002294 -0.012482 -0.788038
127 1624416340.099293 0.095248 3.196431 0.090395 0.625658 -0.002903 -0.011753 -0.780003
128 1624416340.300613 0.098126 2.595084 0.110718 0.635291 -0.003381 -0.012268 -0.772168
129 1624416340.500600 0.109766 2.001400 0.113009 0.643867 -0.002929 -0.011712 -0.765042
130 1624416340.700588 0.115767 1.400066 0.114759 0.652328 -0.002886 -0.012326 -0.757831
131 1624416340.899243 0.147859 0.809141 0.115612 0.659064 -0.003667 -0.011741 -0.751986
132 1624416341.100565 0.155764 0.181782 0.125463 0.665376 -0.005509 -0.007920 -0.746446
133 1624416341.300552 0.166895 -0.415870 0.110012 0.668951 -0.008652 -0.003030 -0.743250
134 1624416341.500540 0.137830 -1.017413 0.114760 0.672352 -0.010864 -0.000684 -0.740152
135 1624416341.699194 0.094872 -1.639964 0.128673 0.674453 -0.009348 -0.000021 -0.738259
136 1624416341.900514 0.068781 -2.240566 0.129384 0.675687 -0.008982 0.000485 -0.737134
137 1624416342.100503 -0.007041 -2.840444 0.126939 0.675329 -0.010046 0.001893 -0.737445
138 1624416342.300490 -0.071592 -3.428989 0.121724 0.673928 -0.009929 0.003352 -0.738723
139 1624416342.500478 -0.172101 -4.017773 0.135650 0.671812 -0.010250 0.003103 -0.740644
140 1624416342.699133 -0.279297 -4.604720 0.138282 0.668865 -0.009639 0.002998 -0.743315
141 1624416342.900452 -0.394506 -5.193412 0.142133 0.665175 -0.009335 0.003408 -0.746621
142 1624416343.100442 -0.533436 -5.769681 0.160961 0.660395 -0.010000 0.002852 -0.750846
143 1624416343.300428 -0.692282 -6.351386 0.171760 0.655541 -0.009932 0.002960 -0.755088
144 1624416343.499084 -0.870763 -6.940096 0.184526 0.649660 -0.009762 0.002234 -0.760159
145 1624416343.699071 -1.071978 -7.521638 0.193426 0.643683 -0.008279 0.001979 -0.765245
146 1624416343.900391 -1.289619 -8.091892 0.190250 0.636835 -0.008578 0.001368 -0.770951
147 1624416344.100381 -1.507009 -8.665462 0.203169 0.629553 -0.008850 0.002303 -0.776904
148 1624416344.300367 -1.743684 -9.238826 0.220549 0.621664 -0.008426 0.002649 -0.783234
149 1624416344.500356 -2.021600 -9.800707 0.236527 0.613353 -0.008274 0.002295 -0.789763
150 1624416344.700343 -2.291438 -10.370694 0.247848 0.604655 -0.007654 0.001550 -0.796449
151 1624416344.900331 -2.588351 -10.907629 0.257249 0.595998 -0.006571 0.001480 -0.802958
152 1624416345.100318 -2.887744 -11.458068 0.268135 0.587569 -0.006978 0.001157 -0.809143
153 1624416345.300305 -3.194849 -11.992478 0.274649 0.578397 -0.007092 0.000152 -0.815725
154 1624416345.500293 -3.514874 -12.522430 0.292682 0.569571 -0.006011 -0.000099 -0.821920
155 1624416345.700281 -3.853164 -13.031185 0.291089 0.560053 -0.005312 -0.001947 -0.828438
156 1624416345.900267 -4.199393 -13.546020 0.306208 0.550917 -0.005874 -0.001874 -0.834537
157 1624416346.100256 -4.580722 -14.027054 0.309642 0.540119 -0.006666 -0.000352 -0.841562
158 1624416346.300243 -4.987517 -14.502580 0.321929 0.527585 -0.007183 0.000447 -0.849472
159 1624416346.500231 -5.433032 -14.952712 0.333621 0.514059 -0.006729 -0.000456 -0.857728
160 1624416346.700218 -5.904473 -15.385067 0.341082 0.498963 -0.005755 -0.001871 -0.866602
161 1624416346.900205 -6.404687 -15.769774 0.348839 0.482559 -0.004642 -0.003224 -0.875845
162 1624416347.100196 -6.928001 -16.150942 0.339807 0.464649 -0.004243 -0.003058 -0.885480
163 1624416347.300184 -7.484554 -16.495083 0.338777 0.444745 -0.003824 -0.001859 -0.895647
164 1624416347.500171 -8.075491 -16.781807 0.337993 0.422808 -0.002820 -0.001773 -0.906213
165 1624416347.700158 -8.704285 -17.037689 0.339285 0.399348 -0.001036 -0.002493 -0.916795
166 1624416347.900146 -9.320049 -17.258137 0.327623 0.374377 0.000495 -0.003206 -0.927271
167 1624416348.100134 -9.952598 -17.422216 0.312000 0.348389 0.001663 -0.002624 -0.937345
168 1624416348.300123 -10.608694 -17.541243 0.277986 0.320702 0.003815 -0.000826 -0.947172
169 1624416348.500110 -11.280875 -17.640625 0.249488 0.293140 0.004442 -0.000170 -0.956059
170 1624416348.700098 -11.948116 -17.683428 0.236205 0.265472 0.006740 -0.000369 -0.964095
171 1624416348.900085 -12.604711 -17.706533 0.209031 0.236937 0.007395 -0.000055 -0.971497
172 1624416349.100073 -13.292307 -17.673925 0.194318 0.208279 0.008775 0.000450 -0.978030
173 1624416349.300061 -13.961788 -17.589798 0.186776 0.179443 0.009971 0.000403 -0.983718
174 1624416349.500049 -14.631145 -17.470142 0.150300 0.150245 0.010887 0.000099 -0.988589
175 1624416349.700035 -15.273862 -17.333151 0.142881 0.120718 0.012375 0.000410 -0.992610
176 1624416349.900024 -15.934626 -17.129908 0.119146 0.091289 0.013348 0.000353 -0.995735
177 1624416350.100011 -16.537663 -16.893383 0.085694 0.062255 0.012960 0.000583 -0.997976
178 1624416350.300000 -17.177084 -16.633902 0.037846 0.033036 0.013057 0.001161 -0.999368
179 1624416350.499987 -17.762711 -16.349783 0.031381 0.003204 0.014734 0.003212 -0.999881
180 1624416350.699975 -18.343452 -15.997756 0.027063 0.026259 -0.015093 -0.003249 0.999536
181 1624416350.899962 -18.884830 -15.611214 0.014079 0.055190 -0.014854 -0.002373 0.998363
182 1624416351.099951 -19.420830 -15.187998 0.000148 0.084357 -0.014859 -0.002238 0.996322
183 1624416351.299938 -19.918009 -14.775867 -0.030559 0.113859 -0.014611 -0.002516 0.993386
184 1624416351.499925 -20.428984 -14.312048 -0.046590 0.143093 -0.015107 -0.003736 0.989587
185 1624416351.699913 -20.881109 -13.822917 -0.051379 0.172359 -0.015460 -0.003899 0.984905
186 1624416351.899901 -21.313341 -13.292068 -0.058968 0.201196 -0.015972 -0.003748 0.979414
187 1624416352.099889 -21.708817 -12.741937 -0.066621 0.229751 -0.015790 -0.003970 0.973113
188 1624416352.299877 -22.069204 -12.190909 -0.083767 0.258382 -0.016048 -0.004310 0.965900
189 1624416352.499864 -22.396748 -11.624727 -0.083405 0.286817 -0.016674 -0.004622 0.957829
190 1624416352.699852 -22.717731 -10.995016 -0.116084 0.314564 -0.017234 -0.004441 0.949070
191 1624416352.899840 -22.972263 -10.379444 -0.122695 0.342540 -0.017470 -0.004349 0.939331
192 1624416353.099828 -23.179659 -9.729550 -0.138339 0.369744 -0.017699 -0.004156 0.928956
193 1624416353.299816 -23.368843 -9.089857 -0.143187 0.396820 -0.017749 -0.004201 0.917715
194 1624416353.499802 -23.518690 -8.431438 -0.161379 0.424184 -0.018942 -0.003989 0.905369
195 1624416353.699791 -23.633501 -7.766539 -0.186099 0.450582 -0.019500 -0.003743 0.892514
196 1624416353.899778 -23.704483 -7.107757 -0.200314 0.476766 -0.020163 -0.003391 0.878792
197 1624416354.099767 -23.729288 -6.432351 -0.217446 0.502633 -0.020245 -0.002906 0.864258
198 1624416354.299754 -23.699429 -5.752119 -0.224334 0.527690 -0.020300 -0.002569 0.849190
199 1624416354.499742 -23.634937 -5.096879 -0.236887 0.552613 -0.020132 -0.002394 0.833191
200 1624416354.699729 -23.542126 -4.426847 -0.258204 0.576751 -0.020638 -0.002357 0.816656
201 1624416354.899716 -23.451878 -3.775258 -0.287572 0.600606 -0.020970 -0.003149 0.799264
202 1624416355.099705 -23.283512 -3.127499 -0.286250 0.623839 -0.022757 -0.004020 0.781211
203 1624416355.299692 -23.073067 -2.478024 -0.282724 0.646822 -0.023301 -0.004313 0.762272
204 1624416355.499680 -22.822250 -1.853188 -0.290018 0.669081 -0.023655 -0.004826 0.742797
205 1624416355.699668 -22.531948 -1.240955 -0.291448 0.690812 -0.023466 -0.005013 0.722636
206 1624416355.899654 -22.196060 -0.626874 -0.302398 0.712026 -0.023237 -0.004855 0.701752
207 1624416356.099644 -21.864515 -0.050902 -0.310552 0.732351 -0.023130 -0.005699 0.680511
208 1624416356.299631 -21.483322 0.497528 -0.304376 0.752426 -0.023466 -0.006219 0.658229
209 1624416356.499619 -21.042662 1.045371 -0.292629 0.771538 -0.023653 -0.006433 0.635711
210 1624416356.699606 -20.613167 1.558750 -0.305325 0.790128 -0.023785 -0.006637 0.612444
211 1624416356.899593 -20.143864 2.056428 -0.315812 0.808259 -0.023740 -0.007050 0.588306
212 1624416357.099583 -19.621786 2.498576 -0.307138 0.825537 -0.023658 -0.007727 0.563799
213 1624416357.299569 -19.067711 2.918901 -0.297014 0.842039 -0.023482 -0.008376 0.538840
214 1624416357.499558 -18.501953 3.312696 -0.285525 0.857700 -0.023877 -0.008763 0.513521
215 1624416357.699545 -17.921614 3.673609 -0.272008 0.872696 -0.023635 -0.009424 0.487601
216 1624416357.899533 -17.307890 3.994891 -0.262892 0.886968 -0.024001 -0.009283 0.461114
217 1624416358.099521 -16.685202 4.284010 -0.251888 0.900532 -0.023675 -0.009235 0.434046
218 1624416358.299508 -16.037809 4.515100 -0.232883 0.913148 -0.024435 -0.009245 0.406790
219 1624416358.499496 -15.393971 4.725166 -0.213157 0.925063 -0.023925 -0.009605 0.378938
220 1624416358.699483 -14.700181 4.889021 -0.205414 0.935998 -0.023377 -0.009835 0.351091
221 1624416358.899471 -14.026752 5.003298 -0.178865 0.946206 -0.022785 -0.010086 0.322605
222 1624416359.099460 -13.341793 5.114597 -0.172225 0.955403 -0.022453 -0.010007 0.294279
223 1624416359.299446 -12.664058 5.168797 -0.162828 0.963821 -0.022741 -0.010433 0.265373
224 1624416359.499435 -11.962575 5.159493 -0.137910 0.971273 -0.022628 -0.010642 0.236651
225 1624416359.699422 -11.285230 5.129604 -0.111215 0.977818 -0.021193 -0.010443 0.208119
226 1624416359.899410 -10.615346 5.068604 -0.106229 0.983370 -0.019863 -0.009769 0.180261
227 1624416360.099398 -9.925361 4.985134 -0.087520 0.987912 -0.019312 -0.009837 0.153495
228 1624416360.299386 -9.251929 4.881639 -0.062265 0.991619 -0.019056 -0.009685 0.127418
229 1624416360.499373 -8.606147 4.758142 -0.061072 0.994602 -0.019177 -0.009250 0.101555
230 1624416360.699360 -7.962654 4.594804 -0.043359 0.996859 -0.019533 -0.009063 0.076218
231 1624416360.899348 -7.312662 4.402306 -0.031890 0.998403 -0.019078 -0.008341 0.052522
232 1624416361.099336 -6.678815 4.204762 -0.019994 0.999373 -0.018370 -0.008320 0.029099
233 1624416361.299325 -6.056416 3.982413 0.005651 0.999785 -0.017691 -0.008008 0.007216
234 1624416361.500645 -5.437283 3.738612 0.018526 0.999747 -0.016148 -0.007777 -0.013617
235 1624416361.699299 -4.827807 3.508774 0.035590 0.999346 -0.015373 -0.007650 -0.031837
236 1624416361.899287 -4.235465 3.293008 0.048841 0.998674 -0.015112 -0.007505 -0.048631
237 1624416362.099275 -3.653082 3.062110 0.047330 0.997854 -0.014706 -0.007777 -0.063323
238 1624416362.299263 -3.058269 2.856599 0.082484 0.996987 -0.014012 -0.008351 -0.075840
239 1624416362.500584 -2.466288 2.644329 0.087808 0.996094 -0.013017 -0.008526 -0.086922
240 1624416362.699237 -1.892516 2.434388 0.109577 0.995353 -0.012079 -0.008553 -0.095150
241 1624416362.899226 -1.300864 2.252927 0.118359 0.994624 -0.011784 -0.008969 -0.102489
242 1624416363.099213 -0.718823 2.054140 0.141293 0.994041 -0.011719 -0.008994 -0.107997
243 1624416363.300535 -0.125176 1.851638 0.137948 0.993451 -0.011500 -0.008401 -0.113370
244 1624416363.500522 0.469922 1.667092 0.141605 0.992958 -0.009598 -0.008102 -0.117798
245 1624416363.699177 1.040014 1.456399 0.169822 0.992723 -0.006307 -0.007249 -0.120033
246 1624416363.899164 1.634797 1.293354 0.155196 0.992684 -0.001908 -0.004068 -0.120661
247 1624416364.100486 2.230005 1.165427 0.137376 0.992718 -0.002649 -0.002254 -0.120412
248 1624416364.300474 2.836425 1.041572 0.121745 0.992994 -0.003904 -0.000055 -0.118100
249 1624416364.499127 3.453609 0.919622 0.116059 0.993519 -0.004143 0.002058 -0.113573
250 1624416364.699115 4.067222 0.852537 0.107103 0.994248 -0.002881 0.003463 -0.107005
251 1624416364.900436 4.695036 0.796247 0.115186 0.995072 -0.002030 0.004308 -0.099037
252 1624416365.100425 5.315569 0.771068 0.100482 0.996009 -0.001440 0.004735 -0.089114
253 1624416365.300412 5.940813 0.781723 0.083680 0.996830 -0.002184 0.005429 -0.079346
254 1624416365.499066 6.555298 0.799633 0.072159 0.997668 -0.000800 0.005947 -0.067988
255 1624416365.699054 7.176191 0.870767 0.076220 0.998474 0.002357 0.007141 -0.054716
256 1624416365.900375 7.785290 0.977130 0.073561 0.999243 0.003574 0.008591 -0.037771
257 1624416366.100363 8.348272 1.130698 0.068382 0.999771 0.000592 0.008103 -0.019803
258 1624416366.299018 8.919243 1.342962 0.042857 0.999965 -0.001293 0.008216 -0.000221
259 1624416366.499004 9.473527 1.582242 0.030813 0.999726 -0.002894 0.008527 0.021612
260 1624416366.700326 10.020659 1.861384 0.023991 0.998987 -0.002874 0.007765 0.044237
261 1624416366.900313 10.541283 2.155174 0.015628 0.997732 -0.003647 0.008635 0.066658
262 1624416367.100302 11.054988 2.460609 -0.010334 0.995845 -0.004654 0.008002 0.090592
263 1624416367.300289 11.519156 2.820789 -0.000881 0.993459 -0.003378 0.007893 0.113867
264 1624416367.500277 11.975739 3.173850 -0.002695 0.990556 -0.003798 0.008747 0.136776
265 1624416367.700265 12.391334 3.573925 -0.024377 0.986936 -0.003769 0.008855 0.160825
266 1624416367.900251 12.790431 3.975108 -0.032381 0.982769 -0.003561 0.008390 0.184616
267 1624416368.100240 13.169704 4.403042 -0.032842 0.977998 -0.001820 0.008358 0.208439
268 1624416368.300227 13.514986 4.857066 -0.030608 0.972619 0.000389 0.008665 0.232245
269 1624416368.500214 13.842913 5.318258 -0.038468 0.966639 0.002915 0.009244 0.255960
270 1624416368.700202 14.143851 5.780741 -0.023544 0.959740 0.003728 0.008563 0.280734
271 1624416368.900190 14.398647 6.268276 -0.035483 0.952140 0.000197 0.006168 0.305601
272 1624416369.100176 14.614723 6.801899 -0.061340 0.944038 -0.000198 0.001518 0.329833
273 1624416369.300165 14.787951 7.306742 -0.009445 0.934907 0.004355 -0.003110 0.354854
274 1624416369.500151 14.948587 7.810823 0.103847 0.925223 0.008310 -0.004268 0.379309
275 1624416369.700140 15.082435 8.354510 0.091900 0.914631 0.009380 -0.005760 0.404141
276 1624416369.900127 15.175697 8.909145 0.108922 0.903122 0.009185 -0.010120 0.429166
277 1624416370.100118 15.224995 9.480381 0.120278 0.891053 0.008127 -0.013631 0.453621
278 1624416370.300104 15.247579 10.021222 0.132005 0.878530 0.006981 -0.015372 0.477389
279 1624416370.500093 15.256021 10.559510 0.168762 0.864764 0.007547 -0.015032 0.501896
280 1624416370.700080 15.238181 11.089406 0.191557 0.851135 0.008897 -0.014309 0.524676
281 1624416371.000062 15.149634 11.886521 0.211012 0.828256 0.011610 -0.012166 0.560097
282 1624416371.200049 15.049111 12.400883 0.227838 0.813429 0.010125 -0.012279 0.581447
283 1624416371.400036 14.906903 12.927217 0.206661 0.797163 0.007165 -0.014178 0.603555
284 1624416371.600024 14.717966 13.408830 0.228093 0.780354 0.006136 -0.014806 0.625132
285 1624416371.800011 14.525270 13.888216 0.241368 0.762311 0.006189 -0.012732 0.647057
286 1624416371.999998 14.288492 14.368479 0.237152 0.743449 0.006054 -0.009133 0.668702
287 1624416372.199987 14.034004 14.817811 0.232589 0.723342 0.006844 -0.005726 0.690432
288 1624416372.399973 13.747202 15.256503 0.225686 0.702273 0.006794 -0.005174 0.711856
289 1624416372.599962 13.412126 15.672250 0.229317 0.680871 0.004970 -0.005236 0.732368
290 1624416372.799949 13.040568 16.070992 0.222352 0.657494 0.002692 -0.005200 0.753437
291 1624416372.999936 12.633088 16.424299 0.187615 0.633261 0.001663 -0.004476 0.773924
292 1624416373.199926 12.231724 16.782099 0.194845 0.608902 0.000981 -0.003046 0.793239
293 1624416373.399915 11.803997 17.103712 0.193364 0.582667 0.000868 -0.001753 0.812708
294 1624416373.599902 11.344410 17.380625 0.175093 0.556650 0.000055 -0.001495 0.830746
295 1624416373.799890 10.839290 17.655581 0.154480 0.528980 -0.000482 -0.002060 0.848631
296 1624416373.999877 10.344556 17.896351 0.149582 0.500928 -0.001202 -0.002817 0.865484
297 1624416374.199865 9.820777 18.094534 0.125837 0.472146 -0.001708 -0.003117 0.881513
298 1624416374.399854 9.282563 18.242025 0.107569 0.443065 -0.003061 -0.004546 0.896473
299 1624416374.599841 8.727657 18.350901 0.102001 0.413000 -0.003994 -0.005978 0.910702
300 1624416374.799829 8.203516 18.445816 0.103610 0.382920 -0.004875 -0.007493 0.923738
301 1624416374.999816 7.639452 18.474350 0.087716 0.352660 -0.005359 -0.007868 0.935703
302 1624416375.199805 7.088403 18.493631 0.070639 0.322630 -0.005949 -0.007974 0.946473
303 1624416375.399792 6.538429 18.488537 0.065555 0.292063 -0.006986 -0.007415 0.956345
304 1624416375.599779 5.993222 18.435114 0.050417 0.261314 -0.007354 -0.006545 0.965204
305 1624416375.799767 5.456844 18.348703 0.033238 0.230727 -0.007597 -0.006053 0.972970
306 1624416375.999755 4.926211 18.239853 0.011708 0.199282 -0.007956 -0.005643 0.979894
307 1624416376.199743 4.414599 18.094486 -0.004862 0.167901 -0.008306 -0.005381 0.985754
308 1624416376.399731 3.900334 17.904285 -0.024612 0.136328 -0.008946 -0.004979 0.990611
309 1624416376.599717 3.385704 17.702890 -0.039768 0.104244 -0.009453 -0.004624 0.994496
310 1624416376.799706 2.904998 17.432611 -0.066503 0.072605 -0.009835 -0.004731 0.997301
311 1624416376.999693 2.440893 17.129528 -0.087105 0.040339 -0.010423 -0.005004 0.999119
312 1624416377.199682 1.978323 16.817705 -0.074403 0.007872 -0.012886 -0.004200 0.999877
313 1624416377.399669 1.555020 16.514217 -0.037141 0.024165 0.012596 0.000496 -0.999629
314 1624416377.599656 1.136195 16.156288 -0.048105 0.056833 0.011959 -0.008003 -0.998280
315 1624416377.799644 0.738371 15.758371 -0.069765 0.089230 0.010014 -0.011178 -0.995898
316 1624416377.999632 0.375039 15.333096 -0.085428 0.121575 0.005557 -0.007430 -0.992539
317 1624416378.199621 0.051123 14.832180 -0.071647 0.153052 0.005820 -0.003515 -0.988195
318 1624416378.399608 -0.268347 14.361647 -0.049928 0.186079 0.005953 -0.005425 -0.982502
319 1624416378.599596 -0.559968 13.882595 -0.032530 0.219330 0.004879 -0.009605 -0.975591
320 1624416378.799583 -0.801179 13.365925 -0.037722 0.252428 0.004775 -0.012553 -0.967522
321 1624416378.999570 -1.026768 12.828899 -0.041314 0.286147 0.004919 -0.012890 -0.958086
322 1624416379.199559 -1.204565 12.284482 -0.040030 0.318295 0.005062 -0.011251 -0.947912
323 1624416379.399546 -1.365874 11.716288 -0.028174 0.349807 0.004671 -0.009372 -0.936763
324 1624416379.599534 -1.488769 11.136444 -0.032402 0.380319 0.004273 -0.010047 -0.924791
325 1624416379.799522 -1.585905 10.557549 -0.027000 0.409419 0.004143 -0.010775 -0.912273
326 1624416379.999508 -1.669346 9.971841 -0.017915 0.436972 0.004309 -0.010908 -0.899399
327 1624416380.199498 -1.717538 9.377351 -0.015650 0.463558 0.003642 -0.012211 -0.885975
328 1624416380.399484 -1.748735 8.770190 -0.011616 0.488487 0.003466 -0.011248 -0.872492
329 1624416380.599473 -1.774505 8.188085 -0.002169 0.512078 0.001852 -0.011692 -0.858857
330 1624416380.799460 -1.767047 7.568710 0.015466 0.534011 0.001857 -0.011426 -0.845398
331 1624416380.999447 -1.775712 6.966232 0.017855 0.553913 0.001126 -0.011848 -0.832490
332 1624416381.199436 -1.773038 6.358386 0.034445 0.572815 0.001098 -0.012729 -0.819585
333 1624416381.399423 -1.748139 5.759798 0.047964 0.589564 0.000356 -0.012484 -0.807625
334 1624416381.599411 -1.723300 5.143182 0.059707 0.605134 -0.000017 -0.013538 -0.796009
335 1624416381.799399 -1.689696 4.537599 0.075795 0.619169 -0.000277 -0.013749 -0.785137
336 1624416381.999385 -1.659841 3.920758 0.100682 0.632469 -0.000243 -0.014045 -0.774459
337 1624416382.199375 -1.605089 3.320529 0.105218 0.644789 -0.001048 -0.014582 -0.764221
338 1624416382.399363 -1.548915 2.702780 0.117909 0.656922 -0.000693 -0.014266 -0.753823
339 1624416382.599350 -1.465010 2.086927 0.126376 0.667700 -0.001949 -0.014195 -0.744293
340 1624416382.799337 -1.382891 1.483096 0.136739 0.677090 -0.003255 -0.013207 -0.735775
341 1624416382.999325 -1.306292 0.863623 0.148522 0.685371 -0.003599 -0.013349 -0.728063
342 1624416383.199314 -1.241875 0.233719 0.156648 0.692887 -0.003288 -0.012391 -0.720932
343 1624416383.400633 -1.162168 -0.387709 0.149614 0.698756 -0.004586 -0.010932 -0.715262
344 1624416383.599289 -1.113833 -1.002824 0.172283 0.703535 -0.005901 -0.008046 -0.710591
345 1624416383.799276 -1.054866 -1.620551 0.170758 0.706728 -0.009164 -0.005490 -0.707404
346 1624416383.999264 -1.045328 -2.223698 0.173148 0.707905 -0.011596 -0.001066 -0.706211
347 1624416384.200585 -1.042551 -2.862729 0.149450 0.707409 -0.012645 -0.000412 -0.706691
348 1624416384.399240 -1.087385 -3.496364 0.175051 0.706087 -0.010578 0.001302 -0.708045
349 1624416384.599227 -1.144087 -4.105426 0.179072 0.703578 -0.009310 0.000201 -0.710557
350 1624416384.799214 -1.204717 -4.715236 0.185922 0.699734 -0.008691 0.000782 -0.714351
351 1624416385.000537 -1.278559 -5.324437 0.181122 0.695755 -0.009035 0.000718 -0.718222
352 1624416385.199190 -1.350095 -5.943280 0.179038 0.691371 -0.010223 0.002023 -0.722425
353 1624416385.399178 -1.455500 -6.551064 0.179575 0.686029 -0.009819 0.003070 -0.727502
354 1624416385.599166 -1.592481 -7.165551 0.201116 0.680722 -0.009403 0.002294 -0.732478
355 1624416385.800487 -1.750857 -7.772338 0.204640 0.674340 -0.009643 0.002174 -0.738355
356 1624416386.000475 -1.927009 -8.368914 0.213344 0.666804 -0.009415 0.002119 -0.745170
357 1624416386.199129 -2.122546 -8.970266 0.223951 0.659351 -0.008746 0.001777 -0.751782
358 1624416386.399117 -2.319091 -9.559301 0.222091 0.650651 -0.008768 0.002410 -0.759322
359 1624416386.600438 -2.572737 -10.143692 0.225818 0.640432 -0.009472 0.002782 -0.767951
360 1624416386.800424 -2.858500 -10.716608 0.231132 0.629286 -0.009932 0.003544 -0.777103
361 1624416386.999080 -3.171669 -11.272395 0.246980 0.615921 -0.009636 0.004408 -0.787736
362 1624416387.199067 -3.532586 -11.811679 0.267913 0.601820 -0.009212 0.003228 -0.798572
363 1624416387.400389 -3.930786 -12.321136 0.291394 0.586432 -0.007098 0.001655 -0.809966
364 1624416387.600376 -4.333918 -12.816926 0.300492 0.570149 -0.006156 0.000846 -0.821518
365 1624416387.800364 -4.771723 -13.278829 0.292688 0.553130 -0.006440 0.000797 -0.833069
366 1624416388.000352 -5.234155 -13.726724 0.306592 0.533549 -0.006620 0.001560 -0.845742
367 1624416388.200340 -5.730535 -14.132586 0.313694 0.514602 -0.005628 0.000770 -0.857410
368 1624416388.500321 -6.535909 -14.680598 0.325606 0.483260 -0.004678 -0.000804 -0.875464
369 1624416388.800303 -7.383067 -15.160048 0.325661 0.448816 -0.003869 -0.000959 -0.893615
370 1624416389.000290 -7.968577 -15.422081 0.309757 0.423367 -0.003157 -0.001469 -0.905951
371 1624416389.300272 -8.906924 -15.757052 0.311787 0.386741 -0.000227 -0.002074 -0.922186
372 1624416389.600253 -9.838808 -15.982387 0.296840 0.347163 0.001148 -0.002291 -0.937801
373 1624416389.900235 -10.791023 -16.147554 0.269365 0.306820 0.003704 -0.001601 -0.951759
374 1624416390.100224 -11.446678 -16.208307 0.257157 0.279816 0.005016 -0.001086 -0.960040
375 1624416390.300211 -12.073298 -16.236025 0.241619 0.252876 0.006421 -0.001452 -0.967476
376 1624416390.500198 -12.720497 -16.210518 0.219616 0.225751 0.007280 -0.001809 -0.974156
377 1624416390.700186 -13.359157 -16.164909 0.194934 0.198326 0.007853 -0.001773 -0.980103
378 1624416390.900174 -13.980373 -16.071417 0.172847 0.170965 0.009097 -0.001185 -0.985234
379 1624416391.200156 -14.913273 -15.884163 0.146487 0.129533 0.011065 -0.000321 -0.991513
380 1624416391.400143 -15.526168 -15.712412 0.123864 0.101981 0.011918 0.000090 -0.994715
381 1624416391.600131 -16.149954 -15.525378 0.098055 0.074394 0.012162 0.000539 -0.997155
382 1624416391.800118 -16.748947 -15.302240 0.073137 0.046282 0.012992 0.001202 -0.998843
383 1624416392.000106 -17.326664 -15.024809 0.053979 0.016863 0.013351 0.001558 -0.999767
384 1624416392.300088 -18.180040 -14.542679 0.038384 0.023890 -0.013783 -0.001371 0.999619
385 1624416392.500075 -18.716820 -14.184170 0.019668 0.052123 -0.013940 -0.001660 0.998542
386 1624416392.700063 -19.236465 -13.802244 -0.009449 0.080562 -0.013899 -0.002492 0.996650
387 1624416392.900051 -19.749662 -13.391073 -0.024875 0.109214 -0.014262 -0.002971 0.993912
388 1624416393.100039 -20.216784 -12.945772 -0.030606 0.137745 -0.014729 -0.003110 0.990353
389 1624416393.300027 -20.679159 -12.458168 -0.037357 0.165755 -0.015278 -0.003098 0.986044
390 1624416393.500013 -21.105072 -11.953522 -0.055186 0.193985 -0.015728 -0.002638 0.980875
391 1624416393.700002 -21.486221 -11.440539 -0.064273 0.222040 -0.015630 -0.003382 0.974906
392 1624416393.899989 -21.862991 -10.871194 -0.084995 0.250272 -0.016403 -0.003521 0.968030
393 1624416394.099978 -22.204348 -10.311700 -0.113412 0.277883 -0.017031 -0.003402 0.960458
394 1624416394.299965 -22.510742 -9.714787 -0.128836 0.306042 -0.017666 -0.003509 0.951848
395 1624416394.499953 -22.776375 -9.096038 -0.133742 0.333048 -0.017936 -0.003515 0.942733
396 1624416394.699940 -23.016209 -8.464839 -0.153846 0.360507 -0.018805 -0.002785 0.932563
397 1624416394.899927 -23.222862 -7.845995 -0.178788 0.388373 -0.019369 -0.001868 0.921297
398 1624416395.099917 -23.370403 -7.198837 -0.190526 0.415316 -0.019666 -0.002269 0.909462
399 1624416395.299903 -23.491846 -6.532714 -0.213998 0.441702 -0.020220 -0.002549 0.896930
400 1624416395.499892 -23.577488 -5.871449 -0.233618 0.468454 -0.020903 -0.002630 0.883237
401 1624416395.699879 -23.621878 -5.191054 -0.242666 0.494239 -0.021193 -0.001931 0.869065
402 1624416395.899866 -23.618973 -4.500128 -0.255741 0.519648 -0.021119 -0.002095 0.854117
403 1624416396.099855 -23.582750 -3.823164 -0.285918 0.544795 -0.021352 -0.002913 0.838293
404 1624416396.299842 -23.516708 -3.169654 -0.305474 0.569677 -0.022806 -0.003725 0.821544
405 1624416396.499830 -23.393620 -2.483098 -0.306509 0.594446 -0.023986 -0.004097 0.803767
406 1624416396.699818 -23.236242 -1.796592 -0.311487 0.618379 -0.024202 -0.004147 0.785496
407 1624416396.899804 -23.023001 -1.123806 -0.305438 0.642064 -0.023962 -0.004144 0.766265
408 1624416397.099794 -22.771803 -0.473932 -0.316733 0.665405 -0.023701 -0.004092 0.746095
409 1624416397.299780 -22.480299 0.172873 -0.323230 0.688195 -0.023292 -0.004510 0.725138
410 1624416397.499769 -22.154932 0.799890 -0.332256 0.710059 -0.023192 -0.004889 0.703743
411 1624416397.699756 -21.791895 1.402995 -0.345447 0.731395 -0.023288 -0.005098 0.681537
412 1624416397.899744 -21.392740 1.987085 -0.346724 0.752271 -0.023585 -0.005462 0.658409
413 1624416398.099732 -20.951202 2.568536 -0.343206 0.772610 -0.023731 -0.006039 0.634409
414 1624416398.299719 -20.481064 3.098007 -0.340633 0.792265 -0.023582 -0.006497 0.609686
415 1624416398.499707 -19.964260 3.611785 -0.330654 0.811004 -0.023600 -0.007076 0.584521
416 1624416398.699694 -19.406488 4.079347 -0.328616 0.828858 -0.024119 -0.007578 0.558887
417 1624416398.899682 -18.846476 4.509487 -0.325182 0.846081 -0.024432 -0.008193 0.532432
418 1624416399.099671 -18.248590 4.912948 -0.306263 0.862273 -0.024518 -0.008494 0.505779
419 1624416399.299659 -17.619619 5.269783 -0.305224 0.877845 -0.024513 -0.008068 0.478249
420 1624416399.499646 -16.953466 5.581944 -0.294249 0.892499 -0.024935 -0.008758 0.450274
421 1624416399.699633 -16.294598 5.888034 -0.274221 0.906469 -0.024954 -0.008995 0.421438
422 1624416399.899621 -15.581805 6.127862 -0.272508 0.919423 -0.024650 -0.009270 0.392387
423 1624416400.099609 -14.882138 6.312721 -0.243043 0.931525 -0.023657 -0.009270 0.362790
424 1624416400.299597 -14.151676 6.471193 -0.233334 0.942631 -0.023566 -0.009340 0.332873
425 1624416400.499585 -13.434080 6.580624 -0.217563 0.952788 -0.023127 -0.009885 0.302592
426 1624416400.699571 -12.698951 6.634325 -0.189598 0.961941 -0.022463 -0.010036 0.272148
427 1624416400.899560 -11.971065 6.645950 -0.169756 0.970177 -0.022147 -0.009893 0.241180
428 1624416401.099547 -11.244346 6.608530 -0.167213 0.977397 -0.022388 -0.009546 0.210008
429 1624416401.299536 -10.518014 6.551164 -0.150877 0.983627 -0.022302 -0.009607 0.178572
430 1624416401.499523 -9.778039 6.412107 -0.123118 0.988819 -0.021221 -0.009244 0.147316
431 1624416401.699510 -9.088078 6.259761 -0.102919 0.992921 -0.020207 -0.008578 0.116731
432 1624416401.899498 -8.391638 6.082200 -0.084095 0.995974 -0.019424 -0.008054 0.087136
433 1624416402.099486 -7.719428 5.875299 -0.068033 0.998067 -0.019476 -0.007330 0.058551
434 1624416402.299474 -7.048068 5.645631 -0.068116 0.999297 -0.020142 -0.006696 0.030915
435 1624416402.499462 -6.398611 5.384865 -0.063008 0.999750 -0.020882 -0.006624 0.004521
436 1624416402.699448 -5.758945 5.106113 -0.043137 0.999574 -0.019897 -0.006691 -0.020293
437 1624416402.899437 -5.146563 4.802264 -0.018619 0.998838 -0.018428 -0.006808 -0.044001
438 1624416403.099426 -4.539732 4.510736 0.002437 0.997711 -0.015322 -0.006811 -0.065513
439 1624416403.299413 -3.938226 4.203681 0.022903 0.996270 -0.014055 -0.007046 -0.084852
440 1624416403.499400 -3.349304 3.911908 0.051248 0.994796 -0.012696 -0.007338 -0.100825
441 1624416403.700721 -2.753587 3.626034 0.054326 0.993332 -0.012949 -0.007225 -0.114331
442 1624416403.900709 -2.196776 3.385866 0.069788 0.991993 -0.012241 -0.008292 -0.125426
443 1624416404.099364 -1.622167 3.141291 0.102886 0.990960 -0.010049 -0.009123 -0.133472
444 1624416404.299352 -1.049926 2.900884 0.120177 0.990361 -0.008721 -0.008767 -0.137954
445 1624416404.500671 -0.492884 2.714404 0.126536 0.989864 -0.009299 -0.008923 -0.141430
446 1624416404.700660 0.077594 2.533464 0.142266 0.989730 -0.008593 -0.009832 -0.142355
447 1624416404.899314 0.659513 2.361789 0.152634 0.989911 -0.006990 -0.009299 -0.141212
448 1624416405.099303 1.244130 2.219387 0.148810 0.990185 -0.004744 -0.007979 -0.139455
449 1624416405.299290 1.819384 2.076803 0.157822 0.990636 -0.002965 -0.006349 -0.136351
450 1624416405.500610 2.409488 1.948266 0.152519 0.991219 -0.003284 -0.003737 -0.132134
451 1624416405.699265 3.002618 1.852157 0.128962 0.991830 -0.004011 -0.001511 -0.127496
452 1624416405.899253 3.600018 1.740360 0.119194 0.992542 -0.003676 0.000758 -0.121844
453 1624416406.100575 4.216254 1.671508 0.103345 0.993306 -0.002671 0.003015 -0.115440
454 1624416406.300562 4.842548 1.591159 0.121989 0.994289 -0.000625 0.003493 -0.106662
455 1624416406.500550 5.457428 1.565236 0.112469 0.995239 -0.000430 0.004891 -0.097340
456 1624416406.700537 6.086179 1.574789 0.102338 0.996341 -0.000001 0.005338 -0.085296
457 1624416406.900524 6.718249 1.621414 0.091437 0.997326 -0.000015 0.005403 -0.072885
458 1624416407.100513 7.349472 1.672908 0.067132 0.998234 -0.000152 0.005989 -0.059098
459 1624416407.300500 7.994675 1.767004 0.053437 0.999012 0.001947 0.006946 -0.043847
460 1624416407.500488 8.600408 1.898041 0.062502 0.999608 0.003214 0.007999 -0.026621
461 1624416407.700476 9.202145 2.079537 0.050946 0.999936 -0.000017 0.007645 -0.008293
462 1624416407.900462 9.820674 2.300134 0.033835 0.999892 -0.003000 0.008286 0.011774
463 1624416408.100452 10.402874 2.558423 -0.010639 0.999402 -0.003695 0.007393 0.033576
464 1624416408.300439 10.980967 2.836627 0.004622 0.998383 -0.001096 0.007213 0.056376
465 1624416408.500427 11.533916 3.144902 0.025339 0.996734 0.000253 0.008806 0.080268
466 1624416408.700414 12.049807 3.512741 0.006192 0.994403 -0.001521 0.008841 0.105276
467 1624416408.900401 12.551118 3.916784 -0.016939 0.991433 -0.002671 0.008657 0.130301
468 1624416409.100390 13.030622 4.333163 -0.043354 0.987710 -0.002321 0.008161 0.156068
469 1624416409.300377 13.459020 4.793496 -0.030177 0.983159 0.000237 0.008282 0.182566
470 1624416409.500365 13.874749 5.238840 -0.035868 0.977933 0.003271 0.009378 0.208685
471 1624416409.700353 14.244973 5.723664 -0.022288 0.971828 0.003772 0.009687 0.235462
472 1624416409.900341 14.570678 6.247129 -0.039611 0.964930 0.001940 0.007370 0.262396
473 1624416410.100329 14.850510 6.783923 -0.047166 0.957087 0.003283 0.002707 0.289770
474 1624416410.300316 15.083443 7.293827 0.035205 0.947958 0.006894 -0.000714 0.318319
475 1624416410.500304 15.298902 7.837944 0.078298 0.938297 0.007533 -0.003033 0.345735
476 1624416410.700291 15.440793 8.396708 0.077814 0.928008 0.007761 -0.006728 0.372420
477 1624416410.900279 15.544083 8.942748 0.104016 0.916677 0.008040 -0.009876 0.399425
478 1624416411.100268 15.618811 9.491200 0.134569 0.905122 0.007739 -0.012441 0.424899
479 1624416411.300254 15.659649 10.033894 0.140762 0.892791 0.007680 -0.013916 0.450190
480 1624416411.500243 15.666878 10.556049 0.173630 0.879035 0.008862 -0.014098 0.476466
481 1624416411.700230 15.644144 11.069378 0.210160 0.865170 0.008888 -0.013701 0.501212
482 1624416411.900218 15.583654 11.579390 0.210485 0.850637 0.008940 -0.013655 0.525500
483 1624416412.100206 15.509406 12.082070 0.217452 0.835499 0.009092 -0.013966 0.549239
484 1624416412.300194 15.403170 12.563436 0.233368 0.819832 0.009413 -0.013736 0.572362
485 1624416412.500181 15.264993 13.052450 0.238233 0.803460 0.008577 -0.013712 0.595139
486 1624416412.700168 15.086057 13.541683 0.232379 0.786646 0.007505 -0.013338 0.617214
487 1624416412.900156 14.889634 14.006021 0.247802 0.768766 0.007175 -0.011590 0.639384
488 1624416413.100144 14.674934 14.493262 0.240383 0.750342 0.006839 -0.009464 0.660947
489 1624416413.300132 14.457667 14.964396 0.225003 0.731739 0.006423 -0.008257 0.681504
490 1624416413.500120 14.199509 15.428072 0.223959 0.713847 0.005815 -0.007549 0.700236
491 1624416413.700106 13.947574 15.869254 0.220190 0.696859 0.004492 -0.006930 0.717161
492 1624416413.900095 13.685703 16.311443 0.206163 0.679429 0.002537 -0.005426 0.733717
493 1624416414.100083 13.401557 16.753319 0.206183 0.662872 0.002441 -0.004751 0.748714
494 1624416414.300071 13.110753 17.209011 0.208462 0.645768 0.002894 -0.002806 0.763523
495 1624416414.500059 12.807735 17.651264 0.205898 0.629270 0.003079 -0.001059 0.777180
496 1624416414.700045 12.479924 18.090166 0.198084 0.612281 0.002994 -0.000721 0.790635
497 1624416414.900034 12.127643 18.529161 0.183981 0.594752 0.002434 -0.001560 0.803904
498 1624416415.100021 11.754814 18.982168 0.173269 0.577735 0.001538 -0.002729 0.816218
499 1624416415.300010 11.374291 19.413395 0.171814 0.561754 0.000545 -0.003068 0.827299
500 1624416415.499997 10.990172 19.862728 0.168805 0.547030 0.000442 -0.002966 0.837108
501 1624416415.699985 10.631096 20.309958 0.168063 0.533927 0.000236 -0.002925 0.845526
502 1624416415.899972 10.243225 20.782709 0.158912 0.522007 -0.000096 -0.002701 0.852937
503 1624416416.099961 9.864706 21.245050 0.150689 0.511679 -0.000214 -0.001419 0.859175
504 1624416416.299948 9.492508 21.723024 0.148439 0.502346 -0.000140 -0.000731 0.864666
505 1624416416.499935 9.100826 22.200003 0.131797 0.493914 0.000106 -0.000951 0.869510
506 1624416416.699923 8.690046 22.687408 0.115846 0.486357 0.000166 -0.001960 0.873758
507 1624416416.899911 8.279683 23.191250 0.118677 0.479564 0.000062 -0.003043 0.877501
508 1624416417.099898 7.872018 23.709915 0.123066 0.473646 -0.000438 -0.003604 0.880708
509 1624416417.299887 7.460545 24.248789 0.125258 0.468380 -0.000787 -0.004070 0.883518
510 1624416417.499874 7.050623 24.782488 0.107313 0.464256 -0.001687 -0.003972 0.885691
511 1624416417.699862 6.611473 25.329126 0.112398 0.460822 -0.001631 -0.003597 0.887484
512 1624416417.899849 6.190649 25.891514 0.115379 0.457640 -0.001771 -0.003114 0.889130
513 1624416418.099838 5.750260 26.454540 0.081608 0.454714 -0.001726 -0.002689 0.890632
514 1624416418.299825 5.306437 27.028278 0.083951 0.451561 -0.002243 -0.003039 0.892232
515 1624416418.501145 4.848630 27.571434 0.077585 0.448791 -0.002399 -0.002476 0.893630
516 1624416418.699800 4.384928 28.153305 0.081113 0.445637 -0.001895 -0.002451 0.895208
517 1624416418.899788 3.901410 28.740324 0.075091 0.442640 -0.001716 -0.002521 0.896694
518 1624416419.099777 3.420012 29.335354 0.071711 0.439844 -0.002098 -0.002825 0.898067
519 1624416419.301097 2.911329 29.917305 0.053008 0.437055 -0.002993 -0.003543 0.899423
